Mortality for Breast cancer														
No. of deaths by calendar time								Person-years (per 1,000) by calendar time						
Age (yr)	1983-1987	1988-1992	1993-1997	1998-2002	2003-2007	2008-2012		Age (yr)	1983-1987	1988-1992	1993-1997	1998-2002	2003-2007	2008-2012
 20-24	23	11	21	9	10	3		20-24	10,479.30	10,517	10,532.10	9,470.13	8,990.03	7,711.77
  25-29	74	74	94	81	45	52		  25-29	9,922.55	10,488.10	10,482.60	10,473.40	9,457.63	9,099.50
  30-34	141	216	284	261	295	212		  30-34	7,523.30	9,972.87	10,450	10,389	10,388.40	9,546.94
  35-39	218	278	481	525	549	561		  35-39	6,042.99	7,424.62	9,892.74	10,462.90	10,386.70	10,346.40
  40-44	334	382	542	729	901	898		  40-44	5,521.24	6,041.55	7,386.44	9,777.60	10,383.30	10,425.80
  45-49	386	521	597	807	1,200	1,317		  45-49	5,218.55	5,388.50	5,913.86	7,262.13	9,666.66	10,430.50
  50-54	320	506	638	767	1,046	1,573		  50-54	4,369.42	5,090.64	5,248.05	5,808.24	7,198.05	9,608.80
  55-59	241	383	592	751	945	1,219		  55-59	3,480.23	4,254.34	4,972.47	5,163.09	5,711.55	7,155.71
  60-64	195	260	443	594	837	947		  60-64	2,789.41	3,326.78	4,114.47	4,836.15	5,085.75	5,658.50
  65-69	125	174	306	377	611	790		  65-69	2,062.53	2,588.28	3,129.13	3,931.07	4,646.05	4,990.73
  70-74	93	120	242	315	475	662		  70-74	1,546.64	1,822.71	2,321.21	2,858.07	3,677.33	4,427.16
  75-79	52	79	168	253	345	528		  75-79	1,008.39	1,269.36	1,507.51	1,944.31	2,483.38	3,332.82
 Sum	2,202	3,004	4,408	5,469	7,259	8,762		 Sum	59,964.55	68,184.75	75,950.58	82,376.09	88,074.83	92,734.63
